A,C,G,U
0.99997303,0.00000141,0.00002240,0.00000316
0.00001000,0.99976459,0.00000141,0.00022400
0.00014100,0.00000562,0.99983928,0.00001410
0.00000355,0.00006310,0.00000126,0.99993209
